# t_sec x y z
-0.0137986 0.00412334 0.00992655 0.00213803
0.0185872 0.0154243 0.000610865 -0.000305432
0.0293823 0.0146608 -0.000763581 0.000152716
0.0617686 0.0138972 0.000152716 0.00106901
0.0725637 0.0143553 0.000458149 0.00137445
0.0833589 0.0167988 0.000458149 0.00152716
0.0941543 0.0186314 0.00122173 -0.000152716
0.104949 0.0219911 0.000152716 -0.000305432
0.115745 0.0224493 -0.00106901 -0.00183259
0.12654 0.0161879 -0.000305432 -0.000610865
0.137335 0.00702494 0.00137445 0.000305432
0.148131 -0.000305432 0.000152716 0.000916297
0.158926 -0.00809396 0.00167988 0.00137445
0.169721 -0.0119119 0 -0.000916297
0.180517 -0.0192422 0.000458149 -0.000305432
0.191312 -0.0271835 0.000916297 -0.000152716
0.202107 -0.0313068 0 0.000305432
0.212903 -0.0342084 -0.000763581 0.000916297
0.223698 -0.0375682 0 0.000305432
0.234493 -0.0363465 0 0.000610865
0.245288 -0.0313068 0.000458149 -0.000305432
0.256084 -0.0290161 -0.00106901 -0.000152716
0.266879 -0.0276416 -0.000610865 -0.000610865
0.277675 -0.026878 0.000152716 -0.00106901
0.28847 -0.0300851 -0.000610865 -0.000916297
0.299265 -0.0361937 -0.000763581 -0.00106901
0.310061 -0.0427605 -0.00106901 0.000305432
0.320856 -0.0468839 0.000152716 0.00152716
0.331651 -0.0461203 0.000610865 0.00137445
0.342446 -0.0403171 0.000152716 -0.000305432
0.353242 -0.031765 -0.00183259 -0.00137445
0.364037 -0.0229074 -0.000610865 -0.00106901
0.374832 -0.0119119 0.000458149 -0.000152716
0.385628 0.00366519 0.000916297 -0.000610865
0.396423 0.02474 0.000610865 -0.00137445
0.407218 0.0461203 -0.000610865 -0.00229074
0.418014 0.0642935 -0.000763581 -0.00229074
0.428809 0.0772744 -0.00229074 -0.00351247
0.439604 0.0864374 -0.00687223 -0.00229074
0.450399 0.0923933 -0.0154243 -0.00305432
0.461195 0.0933096 -0.0201585 -0.00580322
0.47199 0.0919352 -0.0274889 -0.00870482
0.482786 0.0859792 -0.0244346 -0.0135917
0.493581 0.079107 -0.0262672 -0.020464
0.504376 0.0757472 -0.0366519 -0.0229074
0.515172 0.0745255 -0.053298 -0.0245873
0.525967 0.0737619 -0.0728456 -0.0238237
0.536762 0.0705549 -0.0838412 -0.0209221
0.547557 0.0620028 -0.0763581 -0.0174096
0.558353 0.0516181 -0.0557414 -0.0174096
0.569148 0.0403171 -0.0335976 -0.0160352
0.579943 0.0337503 -0.0132863 -0.0120646
0.590739 0.0259618 -0.00274889 -0.00671951
0.601534 0.0198531 0.00534507 -0.00183259
0.61233 0.0125227 0.0167988 0.00274889
0.623125 0.00412334 0.0331394 0.00335976
0.63392 -0.00412334 0.0519235 0.00137445
0.644715 -0.00977384 0.0653625 -0.00137445
0.655511 -0.0114537 0.0734565 -0.00580322
0.666306 -0.00885754 0.0725402 -0.0100793
0.677101 0.000458149 0.0610865 -0.0119119
0.687897 0.0105374 0.0432187 -0.0131336
0.698692 0.0212276 0.0277943 -0.014508
0.709487 0.033903 0.0151189 -0.0197004
0.720283 0.0476475 0.00534507 -0.0245873
0.731078 0.0601702 -0.00366519 -0.0284052
0.741873 0.0693332 -0.0190895 -0.0323758
0.752669 0.0749836 -0.038179 -0.0296269
0.763464 0.0754418 -0.0572686 -0.0253509
0.77426 0.0711657 -0.0633772 -0.0186314
0.785055 0.0620028 -0.0540615 -0.0100793
0.79585 0.0471893 -0.032834 -0.00137445
0.806646 0.0314595 -0.00610865 0.00702494
0.817441 0.0151189 0.0274889 0.0131336
0.828236 0.00519235 0.0542143 0.0120646
0.839031 0.00213803 0.0771217 0.00794124
0.849827 0.00534507 0.0908661 -0.00106901
0.860622 0.011301 0.0962112 -0.00962112
0.871417 0.0190895 0.0966694 -0.0180205
0.882213 0.0271835 0.0916297 -0.025809
0.893008 0.0390953 0.0759 -0.033903
0.903803 0.0537561 0.0537561 -0.038179
0.914599 0.0693332 0.0219911 -0.0397062
0.925394 0.0858265 -0.00549778 -0.0394008
0.93619 0.0972802 -0.0264199 -0.0409279
0.946985 0.105527 -0.031765 -0.0445931
0.95778 0.111177 -0.0300851 -0.0491746
0.968576 0.110872 -0.0242819 -0.0519235
0.979371 0.10797 -0.0100793 -0.0534507
0.990166 0.101709 0.00977384 -0.0540615
1.00096 0.0980438 0.0197004 -0.0531452
1.01176 0.0981965 0.0163406 -0.0491746
1.02255 0.0968221 0.0126754 -0.0438295
1.03335 0.0969748 0.0143553 -0.0404698
1.04414 0.0969748 0.0151189 -0.0394008
1.05494 0.0968221 0.0148135 -0.0368046
1.06573 0.0923933 0.0177151 -0.0319177
1.07653 0.0867428 0.0232129 -0.025809
1.08732 0.0862847 0.0148135 -0.0174096
1.09812 0.08827 -0.00229074 -0.00885754
1.10892 0.0948368 -0.032834 0.000610865
1.11971 0.108734 -0.0897971 0.0169515
1.13051 0.139277 -0.177151 0.0369573
1.1413 0.177609 -0.271224 0.054367
1.1521 0.191812 -0.324064 0.0788016
1.16289 0.173944 -0.352927 0.11133
1.17369 0.104305 -0.274431 0.152869
1.18448 0.00167988 -0.0846048 0.128892
1.19528 -0.0778853 0.0415388 0.109803
1.20607 -0.11805 0.076969 0.0992655
1.21687 -0.140957 0.11133 0.0930042
1.22766 -0.15516 0.147829 0.0670424
1.23846 -0.157145 0.144622 0.0503963
1.24925 -0.138819 0.151647 0.0314595
1.26005 -0.109956 0.150273 0.00519235
1.27085 -0.0826195 0.146608 -0.00702494
1.28164 -0.0691804 0.142179 -0.0119119
1.29244 -0.0618501 0.140499 -0.0143553
1.30323 -0.0638354 0.14844 -0.00763581
1.31403 -0.0846048 0.16982 0.0047342
1.32482 -0.121409 0.200364 0.0250455
1.33562 -0.166919 0.238237 0.0467312
1.34641 -0.202349 0.26481 0.059712
1.35721 -0.19792 0.252898 0.0641408
1.368 -0.163254 0.201738 0.0616973
1.3788 -0.124616 0.152411 0.0540615
1.38959 -0.117286 0.144622 0.0510072
1.40039 -0.125838 0.16753 0.047342
1.41119 -0.110719 0.145997 0.0413861
1.42198 -0.0728456 0.109345 0.0340557
1.43278 -0.0334448 0.071013 0.0238237
1.44357 -0.00152716 0.0448986 0.0218384
1.45437 0.0137445 0.0280998 0.0230601
1.46516 -0.00274889 0.0664315 0.0294742
1.47596 -0.0496328 0.125227 0.0387899
1.48675 -0.102625 0.210596 0.0319177
1.49755 -0.126754 0.252593 0.0351247
1.50834 -0.100182 0.208152 0.0294742
1.51914 -0.0442877 0.166155 0.0169515
1.52993 0.00534507 0.14508 0.0047342
1.54073 0.0290161 0.183412 -0.0108428
1.55153 0.0363465 0.244957 -0.0265726
1.56232 0.0386372 0.280234 -0.0345139
1.57312 0.033903 0.281609 -0.0294742
1.58391 0.0056505 0.273667 -0.0125227
1.59471 -0.0407752 0.305585 -0.00503963
1.6055 -0.0647517 0.304669 0.00641408
1.6163 -0.0522289 0.256258 0.00885754
1.62709 -0.0244346 0.206472 0.00839939
1.63789 0.000916297 0.156992 0.0047342
1.64868 0.0207694 0.124616 0.00702494
1.65948 0.0354302 0.136528 -0.00213803
1.67028 0.0488692 0.187841 -0.0125227
1.68107 0.0503963 0.233045 -0.0216857
1.69187 0.0366519 0.278707 -0.0140499
1.70266 0.0207694 0.305585 -0.00702494
1.71346 0.0166461 0.323147 -0.0155771
1.72425 0.0106901 0.36713 -0.0233656
1.73505 0.0241292 0.36041 -0.0314595
1.74584 0.0700967 0.29459 -0.0296269
1.75664 0.116064 0.21197 -0.00962112
1.76743 0.150273 0.162185 0.0216857
1.77823 0.163406 0.172875 0.0670424
1.78902 0.185397 0.154549 0.0968221
1.79982 0.212581 0.127213 0.106443
1.81062 0.234572 0.101404 0.106901
1.82141 0.244804 0.115301 0.110567
1.83221 0.237779 0.193033 0.101556
1.843 0.2277 0.294895 0.138972
1.8538 0.230143 0.404087 0.255647
1.86459 0.209221 0.537714 0.298407
1.87539 0.200822 0.619111 0.147524
1.88618 0.12706 0.49816 0.0675006
1.89698 0.139735 0.409279 0.0516181
1.90777 0.155618 0.365908 0.0413861
1.91857 0.146608 0.375682 0.0416915
1.92936 0.133932 0.41829 0.0416915
1.94016 0.138361 0.450513 0.0507018
1.95096 0.170126 0.469297 0.0568104
1.96175 0.198836 0.505032 0.0563523
1.97255 0.219606 0.555123 0.059712
1.98334 0.223882 0.585667 0.0621555
1.99414 0.204029 0.615141 0.065668
2.00493 0.220369 0.650113 0.0661261
2.01573 0.20861 0.679434 0.0673478
2.02652 0.200669 0.691194 0.0665843
2.03732 0.184176 0.682947 0.0621555
2.04811 0.152716 0.667675 0.0620028
2.05891 0.12538 0.652556 0.0624609
2.06971 0.1237 0.676533 0.0670424
2.0805 0.153938 0.744186 0.0702495
2.0913 0.213039 0.805578 0.0717766
2.10209 0.222049 0.896139 0.0784961
2.11289 0.212276 0.956614 0.0839939
2.12368 0.208152 0.977078 0.0795651
2.13448 0.202807 0.982729 0.081245
2.14527 0.171348 0.901026 0.0890335
2.15607 0.15516 0.856127 0.101709
2.16686 0.142179 0.801455 0.102473
2.17766 0.148746 0.786488 0.0975856
2.18846 0.158061 0.838565 0.0998764
2.19925 0.170737 0.985936 0.104152
2.21005 0.165239 1.1188 0.11133
2.22084 0.160047 1.15515 0.102931
2.23164 0.159283 1.10292 0.0885754
2.24243 0.148746 1.01495 0.0536034
2.25323 0.149051 0.950506 0.0213803
2.26402 0.151494 0.893848 0.0132863
2.27482 0.151494 0.827264 0.00397062
2.28561 0.150731 0.804662 0.00870482
2.29641 0.134696 0.872009 0.0197004
2.3072 0.119271 0.970206 0.0177151
2.318 0.0997237 1.01572 0.000610865
2.3288 0.0713185 0.985936 -0.0274889
2.33959 0.0358883 0.835205 -0.0348193
2.35039 0.0200058 0.504727 0.030696
2.36118 0.0383318 0.518777 0.0143553
2.37198 -0.00274889 0.548557 0.0218384
2.38277 -0.105985 0.792444 0.0418442
2.39357 -0.124616 0.925307 0.0507018
2.40436 -0.0577267 0.769231 0.0416915
2.41516 -0.0378736 0.663552 0.0233656
2.42595 -0.0334448 0.518777 0.0184787
2.43675 -0.0125227 0.410501 0.0169515
2.44755 0.00733038 0.452193 0.0222966
2.45834 0.00122173 0.620333 0.0375682
2.46914 0.0210748 0.879645 0.0560468
2.47993 0.0065668 1.03923 0.0551305
2.49073 -0.00198531 0.888197 0.0290161
2.50152 0.0210748 0.556803 0.0181732
2.51232 0.0332921 0.300698 0.00595593
2.52311 0.03711 0.193797 0.0038179
2.53391 0.00641408 0.377973 0.0180205
2.5447 -0.0284052 0.649197 0.0387899
2.5555 0.0520762 0.835663 0.0548251
2.5663 0.0907134 1.14354 0.0675006
2.57709 0.069944 1.29259 0.0658207
2.58789 0.076969 1.29748 0.0461203
2.59868 0.0760527 1.19409 0.0308487
2.60948 0.0684169 0.947604 0.0311541
2.62027 0.090408 0.742353 0.0238237
2.63107 0.105985 0.655611 0.0233656
2.64186 0.119271 0.802676 0.0343611
2.65266 0.120646 1.10612 0.056505
2.66346 0.110414 1.41247 0.0702495
2.67425 0.0931569 1.5122 0.0620028
2.68505 0.0847575 1.39369 0.0384845
2.70664 0.114384 0.892015 0.0198531
2.71743 0.127365 0.74159 0.0213803
2.72823 0.138055 0.772286 0.0233656
2.73902 0.151494 0.941953 0.033903
2.74982 0.148593 1.16767 0.0384845
2.76061 0.137292 1.35872 0.0426078
2.77141 0.130725 1.38315 0.0357356
2.7822 0.120188 1.21318 0.0184787
2.793 0.109956 0.962723 -0.00702494
2.8038 0.0928514 0.684932 -0.00702494
2.81459 0.0907134 0.551764 0.00503963
2.82539 0.0626136 0.598342 0.00748309
2.83618 0.0180205 0.751058 0.019395
2.84698 -0.00855211 0.898735 0.0241292
2.85777 0.00122173 1.01052 0.0250455
2.86857 -0.013439 1.13544 0.0186314
2.87936 -0.0412334 1.25319 0.0174096
2.89016 -0.0729983 1.28007 0.0160352
2.90096 -0.0884227 1.21532 0.0177151
2.91175 -0.083383 1.13453 0.020464
2.92255 -0.0980438 1.04672 0.0213803
2.93334 -0.108734 0.951269 0.0201585
2.94414 -0.105374 0.863916 0.0192422
2.95493 -0.0980438 0.790001 0.020464
2.96573 -0.0994182 0.767399 0.0218384
2.97652 -0.0908661 0.785725 0.0210748
2.98732 -0.0920879 0.760832 0.0181732
2.99811 -0.0766635 0.684627 0.0172569
3.00891 -0.076969 0.602771 0.0160352
3.01971 -0.0601702 0.589332 0.01237
3.0305 -0.047342 0.60552 0.0180205
3.0413 -0.0358883 0.563217 0.0148135
3.05209 -0.0302378 0.546877 0.0149662
3.06289 -0.0285579 0.548251 0.0201585
3.07368 -0.0261145 0.546266 0.0209221
3.08448 -0.0256563 0.521831 0.0152716
3.09527 -0.0284052 0.515264 0.00916297
3.10607 -0.0259618 0.51557 0.0100793
3.11686 0.0334448 0.376293 0.0241292
3.12766 0.00244346 0.552222 0.0125227
3.13846 -0.0167988 0.552374 0.0241292
3.14925 0.00901026 0.483958 0.0157298
3.16005 0.0239764 0.508392 0.0174096
3.17084 0.0285579 0.565203 0.0201585
3.18164 0.0363465 0.540768 0.0197004
3.19243 0.0479529 0.52794 0.0161879
3.20323 0.03711 0.550236 0.0157298
3.21402 0.00763581 0.579253 0.019395
3.22482 -0.0065668 0.57742 0.0213803
3.23562 -0.00442877 0.590859 0.0210748
3.24641 -0.00167988 0.602465 0.0177151
3.25721 -0.00458149 0.605672 0.0167988
3.268 -0.000305432 0.58979 0.0169515
3.2788 0.00824667 0.587805 0.0174096
3.28959 0.026878 0.565203 0.0160352
3.30039 0.0448986 0.561996 0.0137445
3.31118 0.03711 0.564439 0.014508
3.32198 0.0212276 0.579863 0.0160352
3.33277 0.0241292 0.600633 0.019395
3.34357 0.0448986 0.585972 0.020464
3.35437 0.0606283 0.571311 0.0180205
3.36516 0.0546724 0.606436 0.0198531
3.37596 0.0581849 0.635299 0.0218384
3.38675 0.0594066 0.669202 0.0209221
3.39755 0.069944 0.684627 0.0230601
3.40834 0.083383 0.671188 0.0270308
3.41914 0.0810923 0.630412 0.0250455
3.42993 0.0549778 0.568562 0.0262672
3.44073 0.0230601 0.540921 0.0197004
3.45153 -0.0190895 0.509461 0.0111483
3.46232 -0.0545197 0.451582 0.0131336
3.47312 -0.0737619 0.421955 0.00641408
3.48391 -0.0671951 0.470366 -0.000305432
3.49471 -0.0447458 0.546113 -0.0128282
3.5055 -0.0594066 0.544433 -0.000610865
3.5163 -0.0818559 0.498466 0.00992655
3.52709 -0.0949895 0.458607 0.0106901
3.53789 -0.0940732 0.437532 0.00870482
3.54868 -0.0891863 0.412181 0.0119119
3.55948 -0.0818559 0.385761 0.0094684
3.57028 -0.0759 0.366977 0.00885754
3.58107 -0.0623082 0.373849 0.00824667
3.59187 -0.0453567 0.402865 0.00962112
3.60266 -0.0342084 0.403934 0.0100793
3.61346 -0.0293215 0.377514 0.00824667
3.62425 -0.0212276 0.358883 0.00870482
3.63505 -0.00626136 0.367282 0.0103847
3.64584 0.0151189 0.36377 0.0106901
3.65664 0.034972 0.366213 0.0103847
3.66744 0.0476475 0.367893 0.0103847
3.67823 0.0584903 0.378431 0.00962112
3.68903 0.0723875 0.402713 0.0100793
3.69982 0.0829249 0.40821 0.00885754
3.71062 0.0975856 0.438295 0.00824667
3.72141 0.111941 0.452193 0.0111483
3.73221 0.124464 0.463952 0.0135917
3.743 0.136376 0.479682 0.0131336
3.7538 0.149815 0.496938 0.011301
3.7646 0.155923 0.521373 0.0135917
3.77539 0.157145 0.512821 0.0152716
3.78619 0.150273 0.496022 0.0128282
3.79698 0.146913 0.507476 0.0148135
3.80778 0.143248 0.50717 0.0149662
3.81857 0.13271 0.511599 0.0161879
3.82937 0.124922 0.529925 0.0222966
3.84016 0.118508 0.572991 0.0206167
3.85096 0.113926 0.624762 0.0174096
3.86175 0.104305 0.656832 0.0137445
3.87255 0.0948368 0.698982 0.00702494
3.88335 0.0862847 0.726166 0.0038179
3.89414 0.0662788 0.654389 0.0106901
3.90494 0.0415388 0.576351 0.0206167
3.91573 0.0284052 0.536492 0.022602
3.92653 0.0303905 0.550542 0.0103847
3.93732 0.0346666 0.579558 -0.00763581
3.94812 0.034972 0.617126 -0.0233656
3.95891 0.0235183 0.692415 -0.0308487
3.96971 0.00488692 0.759152 -0.0335976
3.98051 -0.0154243 0.74327 -0.0125227
3.9913 -0.0288634 0.702953 0.0242819
4.0021 -0.033903 0.698829 0.0406225
4.01289 -0.034972 0.740826 0.00641408
4.02369 -0.03711 0.788932 -0.0192422
4.03448 -0.0358883 0.813672 -0.0186314
4.04528 -0.0310014 0.846353 -0.00794124
4.05607 -0.0212276 0.893542 -0.00335976
4.06687 -0.0160352 0.917519 0.00229074
4.07767 -0.0167988 0.855669 0.00335976
4.08846 -0.0219911 0.772286 0.000610865
4.09926 -0.0111483 0.754723 -0.000610865
4.11005 0.0108428 0.759916 -0.00106901
4.12085 0.0232129 0.733954 -0.00183259
4.13164 0.0251982 0.726929 -0.0094684
4.14244 0.019395 0.748157 -0.0169515
4.15323 0.0207694 0.802676 -0.0180205
4.16403 0.0332921 0.869871 -0.00992655
4.17483 0.0378736 0.924086 0.00519235
4.18562 0.0325285 0.993266 0.0160352
4.19642 0.0232129 1.03526 0.0197004
4.20721 0.0320704 1.06535 0.019395
4.21801 0.0572686 1.04717 0.0169515
4.2288 0.0960585 1.06535 0.00397062
4.2396 0.127518 1.09177 -0.0132863
4.25039 0.156381 1.02091 -0.0213803
4.26119 0.182343 0.908967 -0.0255036
4.27198 0.193033 0.852767 -0.0277943
4.28278 0.179442 0.863305 -0.0392481
4.29358 0.151036 0.857807 -0.0479529
4.30437 0.120951 0.8068 -0.046273
4.31517 0.109956 0.817795 -0.0429133
4.32596 0.113926 0.852767 -0.0340557
4.33676 0.121409 0.862083 -0.0192422
4.34755 0.125838 0.880409 -0.00962112
4.35835 0.12202 0.968526 -0.0198531
4.36914 0.10629 1.06 -0.0311541
4.37994 0.0980438 1.10001 -0.0235183
4.39074 0.105069 1.0739 -0.0149662
4.40153 0.105069 1.04229 -0.0259618
4.41233 0.102625 0.994946 -0.0323758
4.42312 0.117591 0.897513 -0.019395
4.43392 0.135459 0.840245 -0.0169515
4.44471 0.13607 0.88102 -0.0311541
4.45551 0.113163 0.965319 -0.0453567
4.4663 0.0762054 0.973718 -0.0487165
4.4771 0.0354302 0.97494 -0.0421497
4.4879 0.0230601 0.974482 -0.0302378
4.49869 0.0222966 1.01602 -0.0230601
4.50949 0.0195477 1.02213 -0.0253509
4.52028 0.00198531 0.943939 -0.0332921
4.53108 -0.0277943 0.839023 -0.0433714
4.54187 -0.0587957 0.727387 -0.0412334
4.55267 -0.0759 0.662636 -0.0274889
4.56346 -0.082314 0.643088 -0.0197004
4.57426 -0.0826195 0.633009 -0.0184787
4.58506 -0.071013 0.654542 -0.0177151
4.59585 -0.0566577 0.71349 -0.0167988
4.60665 -0.0497855 0.770606 -0.0164933
4.61744 -0.0447458 0.806494 -0.0125227
4.62824 -0.0392481 0.832456 -0.00962112
4.63903 -0.0456621 0.827874 -0.0161879
4.64983 -0.0514654 0.814588 -0.0222966
4.66062 -0.0574213 0.755487 -0.0184787
4.67142 -0.0471893 0.687834 -0.0172569
4.68222 -0.0325285 0.674089 -0.0198531
4.69301 -0.0158825 0.722042 -0.019395
4.70381 -0.00778853 0.834747 -0.0242819
4.7146 -0.0117591 0.954476 -0.0319177
4.7254 -0.0256563 1.01495 -0.0351247
4.73619 -0.0232129 1.0348 -0.0274889
4.74699 -0.0158825 1.03328 -0.0267253
4.75778 -0.00977384 1.00151 -0.02474
4.76858 -0.013439 0.93386 -0.0241292
4.77938 -0.0251982 0.887739 -0.0284052
4.79017 -0.0386372 0.905607 -0.0299324
4.80097 -0.0465784 0.982271 -0.0343611
4.81176 -0.0517708 1.07955 -0.0426078
4.82256 -0.0522289 1.17378 -0.0511599
4.83335 -0.0807869 1.23242 -0.0621555
4.84415 -0.136986 1.18905 -0.0592539
4.85494 -0.180816 1.14552 -0.0638354
4.86574 -0.180969 1.13086 -0.0526871
4.87654 -0.168141 1.09253 -0.0416915
4.88733 -0.145844 1.01678 -0.0368046
4.89813 -0.130878 0.940426 -0.0387899
4.90892 -0.133627 0.975398 -0.0436768
4.91972 -0.141262 1.03878 -0.0461203
4.93051 -0.131641 1.03923 -0.0413861
4.94131 -0.107207 0.960585 -0.0394008
4.9521 -0.0685696 0.813366 -0.0380263
4.9629 -0.0378736 0.704938 -0.0352774
4.9737 -0.0361937 0.706618 -0.0319177
4.98449 -0.0380263 0.760679 -0.0230601
4.99529 -0.030696 0.811534 -0.0161879
5.00608 -0.0148135 0.838106 -0.0149662
5.01688 -0.00580322 0.87598 -0.0180205
5.02767 -0.0146608 0.923169 -0.0319177
5.03847 -0.020464 0.897055 -0.0503963
5.04926 -0.00610865 0.761901 -0.0534507
5.06006 0.00534507 0.632092 -0.0400116
5.07086 0.00962112 0.563675 -0.0287106
5.08165 0.0138972 0.53359 -0.0323758
5.09245 0.0296269 0.483041 -0.038179
5.10324 0.0520762 0.409279 -0.0253509
5.11404 0.0675006 0.41661 0.00152716
5.12483 0.0723875 0.490677 0.0106901
5.13563 0.0708603 0.559552 -0.00274889
5.14643 0.0818559 0.544891 -0.019395
5.15722 0.104305 0.486707 -0.0201585
5.16802 0.122937 0.476016 -0.0184787
5.17881 0.147371 0.52458 -0.0218384
5.18961 0.168446 0.596968 -0.0319177
5.2004 0.179594 0.638506 -0.0401644
5.2112 0.177151 0.658207 -0.0331394
5.22199 0.172264 0.637437 0.00305432
5.23279 0.166613 0.593302 0.0568104
5.24359 0.153938 0.579863 0.122478
5.25438 0.149509 0.53191 0.200669
5.26518 0.154243 0.432187 0.261297
5.27597 0.1996 0.232129 0.159894
5.28677 0.184023 0.473573 -0.0143553
5.29756 0.135459 0.574213 -0.0668897
5.30836 0.0975856 0.515112 -0.0534507
5.31915 0.0838412 0.511141 -0.0355829
5.32995 0.0830776 0.532216 -0.0245873
5.34075 0.0784961 0.566577 -0.0229074
5.35154 0.0621555 0.578184 -0.0238237
5.36234 0.0248927 0.601091 -0.0274889
5.37313 -0.0172569 0.628733 -0.025809
5.38393 -0.0546724 0.597426 -0.0222966
5.39472 -0.0974329 0.561079 -0.0172569
5.40552 -0.12874 0.561996 -0.0132863
5.41631 -0.149967 0.585514 -0.0157298
5.42711 -0.161726 0.592539 -0.0197004
5.43791 -0.172722 0.585514 -0.0213803
5.4487 -0.174707 0.57009 -0.0155771
5.4595 -0.167835 0.561232 -0.00839939
5.47029 -0.157603 0.589637 -0.0128282
5.48109 -0.151189 0.640186 -0.02474
5.49188 -0.152716 0.667828 -0.032834
5.50268 -0.151189 0.651487 -0.025809
5.51347 -0.143401 0.701731 -0.0180205
5.52427 -0.139735 0.733801 -0.0149662
5.53507 -0.132405 0.70448 -0.0108428
5.54586 -0.116981 0.68203 -0.0047342
5.55666 -0.101404 0.700509 -0.00580322
5.56745 -0.0850629 0.686612 -0.01237
5.57825 -0.0810923 0.70784 -0.0209221
5.58904 -0.080176 0.755334 -0.0197004
5.59984 -0.0722348 0.790764 -0.0161879
5.61064 -0.0722348 0.736398 -0.0111483
5.62143 -0.0749836 0.67806 -0.000152716
5.63223 -0.0671951 0.678823 -0.00458149
5.64302 -0.0569631 0.647517 -0.0157298
5.65382 -0.0448986 0.616973 -0.00748309
5.66461 -0.0290161 0.58475 -0.00229074
5.67541 -0.00992655 0.540004 0.000152716
5.6862 0.0212276 0.505338 0.00794124
5.697 0.0560468 0.486554 0.0111483
5.7078 0.0842993 0.438906 0.0106901
5.71859 0.116522 0.407294 0.00549778
5.72939 0.149509 0.376598 0.00213803
5.74018 0.176387 0.368657 0.000916297
5.75098 0.195324 0.343764 -0.00397062
5.76177 0.21365 0.308334 -0.00916297
5.77257 0.229532 0.299782 -0.0184787
5.78336 0.238543 0.285121 -0.0299324
5.79416 0.242666 0.277333 -0.0267253
5.80496 0.239764 0.292757 -0.0148135
5.81575 0.233198 0.327882 -0.0140499
5.82655 0.212581 0.358425 -0.0189368
5.83734 0.186925 0.35476 -0.0192422
5.84814 0.165392 0.324522 -0.0169515
5.85893 0.133627 0.351553 -0.0132863
5.86973 0.115912 0.393397 -0.0140499
5.88053 0.0870482 0.474947 -0.0155771
5.89132 0.0601702 0.529009 -0.0209221
5.90212 0.0183259 0.501215 -0.0233656
5.91291 -0.0684169 0.427605 -0.0311541
5.92371 -0.183412 0.460134 -0.0384845
5.9345 -0.266032 0.533896 -0.0363465
5.9453 -0.28787 0.43463 -0.0316123
5.95609 -0.26649 0.209221 -0.00748309
5.96689 -0.280692 0.033903 -0.000610865
5.97769 -0.310014 0.101404 -0.00626136
5.98848 -0.332463 0.216552 0.00137445
5.99928 -0.336892 0.213039 0.0216857
6.01007 -0.321773 0.182343 0.044135
6.02087 -0.298102 0.205556 0.04948
6.03166 -0.26649 0.205709 0.047342
6.04246 -0.242055 0.23671 0.0340557
6.05325 -0.219148 0.273209 0.00519235
6.06405 -0.184023 0.304974 -0.0279471
6.07485 -0.155618 0.339183 -0.0540615
6.08564 -0.147829 0.33231 -0.0595593
6.09644 -0.116217 0.26481 -0.0218384
6.10723 -0.0844521 0.243124 0.00885754
6.11803 -0.0737619 0.268322 -0.00458149
6.12882 -0.0847575 0.268475 -0.0100793
6.13962 -0.0981965 0.295353 -0.00595593
6.15042 -0.0923933 0.30757 0.00106901
6.16121 -0.068875 0.560316 0.00549778
6.17201 -0.01237 0.72418 0.0213803
6.1828 0.0496328 0.788016 0.0132863
6.1936 0.0963639 0.875675 0.00427605
6.20439 0.0945313 0.90805 0.00305432
6.21519 0.0711657 0.852309 0.00794124
6.22598 0.0300851 0.719599 0.0100793
6.23678 -0.0221438 0.58475 -0.000610865
6.24758 -0.0581849 0.527482 0.00229074
6.25837 -0.0754418 0.51954 -0.00595593
6.26917 -0.0916297 0.48915 -0.00962112
6.27996 -0.110719 0.4273 -0.00503963
6.29076 -0.123853 0.443946 -0.00183259
6.30155 -0.147524 0.588568 0.000152716
6.31235 -0.148746 0.725707 -0.0120646
6.32314 -0.117439 0.689972 -0.0131336
6.33394 -0.0937677 0.607963 -0.00305432
6.34474 -0.101404 0.619417 0.0131336
6.35553 -0.105527 0.664163 0.0111483
6.36633 -0.0981965 0.679282 0.00503963
6.37712 -0.0879645 0.684169 0.0131336
6.38792 -0.0684169 0.662941 0.0351247
6.39871 -0.0636827 0.697913 0.0723875
6.40951 -0.0439823 0.705854 0.038179
6.42031 -0.0490219 0.697913 0.0177151
6.4311 -0.0496328 0.723264 0.0149662
6.4419 -0.0485637 0.676075 0.0160352
6.45269 -0.0529925 0.619722 0.0116064
6.46349 -0.0850629 0.640492 0.0100793
6.47428 -0.0957531 0.639423 0.0120646
6.48508 -0.0778853 0.700815 0.0135917
6.49587 -0.0759 0.894001 0.0169515
6.50667 -0.0856738 1.0849 0.0209221
6.51747 -0.057574 1.13544 0.0279471
6.53906 0.0329867 0.802676 0.0233656
6.54985 0.0280998 0.739605 0.0157298
6.56065 0.0100793 0.758694 0.0125227
6.57144 -0.00778853 0.763886 0.014508
6.58224 -0.00198531 0.675616 0.0201585
6.59304 0.0487165 0.697149 0.0221438
6.60383 0.08827 0.894001 0.0206167
6.61463 0.122478 1.10567 0.0189368
6.62542 0.146149 1.20539 0.0218384
6.63622 0.169057 1.24983 0.0238237
6.64701 0.170279 1.35123 0.0221438
6.65781 0.142484 1.48532 0.0198531
6.6686 0.0813977 1.43675 0.0177151
6.6794 0.0858265 1.3239 0.0181732
6.6902 0.0916297 1.24891 0.0201585
6.70099 0.101862 1.16706 0.00794124
6.71179 0.0853684 1.13468 -0.00152716
6.72258 0.0687223 1.13774 -0.0180205
6.73338 0.0618501 1.20539 -0.0164933
6.74417 0.0740674 1.28801 -0.00717766
6.75497 0.120035 1.38254 -0.0038179
6.76577 0.139277 1.47188 -0.0131336
6.77656 0.148593 1.53327 -0.0189368
6.78736 0.158061 1.52304 -0.0189368
6.79815 0.142484 1.45997 -0.0164933
6.80895 0.111483 1.37322 -0.0106901
6.81974 0.0613919 1.19684 -0.00839939
6.83054 -0.0154243 0.994793 -0.0180205
6.84133 -0.0679587 0.87766 -0.0094684
6.85213 -0.068875 0.837648 0.000305432
6.86293 -0.0248927 0.905607 -0.000305432
6.87372 0.0256563 1.13102 -0.00397062
6.88452 0.0655152 1.44531 -0.0222966
6.89531 0.0581849 1.71012 -0.0433714
6.90611 0.0190895 1.86268 -0.0507018
6.9169 -0.0151189 1.98684 -0.0372628
6.9277 -0.0644462 1.93079 -0.00870482
6.9385 -0.0954476 1.59023 0.00519235
6.94929 -0.105985 1.11208 0.0100793
6.96009 -0.10629 0.659276 0.00183259
6.97088 -0.100945 0.3795 -0.00229074
6.98168 -0.0930042 0.363312 0.020464
6.99247 -0.0574213 0.506101 0.0394008
7.00327 0.00290161 0.674853 0.0216857
7.01406 0.0418442 0.857654 -0.0111483
7.02486 0.0496328 1.02213 -0.00671951
7.03566 0.0574213 1.09146 -0.00824667
7.04645 0.0455094 1.10903 -0.0143553
7.05725 0.0244346 1.0681 -0.00748309
7.06804 0.0219911 0.986394 -0.0047342
7.07884 0.0334448 0.920726 0.00137445
7.08963 0.0403171 0.923322 0.00580322
7.10043 0.038179 0.941037 0.00519235
7.11123 0.0187841 0.955393 -0.000916297
7.12202 -0.00320704 0.946077 -0.00503963
7.13282 -0.0224493 0.911105 -0.00106901
7.14361 -0.0251982 0.863457 0.000152716
7.15441 -0.0337503 0.87934 0.00259618
7.1652 -0.0490219 0.975246 0.00824667
7.176 -0.0448986 1.09177 0.00519235
7.18679 -0.0387899 1.00945 -0.00213803
7.19759 -0.0647517 0.93615 -0.00183259
7.20839 -0.0717766 0.961501 0.0119119
7.21918 -0.0331394 0.926071 0.0149662
7.22998 -0.0106901 0.866512 0.0174096
7.24077 -0.00122173 0.823751 0.0279471
7.25157 -0.00137445 0.798095 0.0343611
7.26236 0.00519235 0.78435 0.0267253
7.27316 0.0120646 0.81077 -0.00335976
7.28396 0.0132863 0.786794 -0.0368046
7.29475 0.034972 0.759152 -0.0412334
7.30555 0.0638354 0.702189 -0.0155771
7.31634 0.0830776 0.687376 -0.00580322
7.32714 0.0850629 0.73991 -0.00137445
7.33793 0.0850629 0.80344 -0.00580322
7.34873 0.0809396 0.790001 -0.00916297
7.35953 0.0911716 0.771217 -0.00274889
7.37032 0.109498 0.876438 -0.000610865
7.38112 0.120799 1.05237 -0.00824667
7.39191 0.124616 1.16309 -0.00763581
7.40271 0.119271 1.13575 -0.0094684
7.4135 0.10629 1.0568 -0.00916297
7.4243 0.0923933 0.978147 -0.0155771
7.43509 0.0743728 0.923933 -0.0242819
7.44589 0.0467312 0.972955 -0.0279471
7.45669 0.023671 1.0235 -0.0302378
7.46748 0.000305432 1.0568 -0.0303905
7.47828 -0.0180205 1.06382 -0.0287106
7.48907 -0.0366519 1.06168 -0.0250455
7.49987 -0.0704022 0.997695 -0.020464
7.51066 -0.0930042 0.992961 -0.0137445
7.52146 -0.0945313 1.03847 -0.0135917
7.53226 -0.076969 1.15011 -0.0169515
7.54305 -0.0526871 1.24891 -0.0218384
7.55385 -0.0569631 1.39857 -0.0355829
7.56464 -0.0659734 1.52762 -0.0426078
7.57544 -0.136528 1.4957 -0.054367
7.58623 -0.215483 1.51449 -0.0571159
7.59703 -0.260687 1.52273 -0.0409279
7.60783 -0.282983 1.46119 -0.0180205
7.61862 -0.290008 1.35093 -0.00397062
7.62942 -0.286801 1.19928 0.00626136
7.64021 -0.28787 1.10032 0.0299324
7.65101 -0.291535 1.08978 0.0580322
7.6618 -0.283899 1.11574 0.0731511
7.6726 -0.270766 1.13224 0.0670424
7.68339 -0.259159 1.13697 0.0520762
7.69419 -0.269544 1.17164 0.0374155
7.70499 -0.294895 1.24418 0.0279471
7.71578 -0.307418 1.2877 0.0323758
7.72658 -0.290313 1.28724 0.0404698
7.73737 -0.266032 1.2848 0.0450513
7.74817 -0.241139 1.27701 0.0531452
7.75896 -0.20861 1.23105 0.0645989
7.76976 -0.190743 1.19073 0.0670424
7.78056 -0.207389 1.19577 0.054367
7.79135 -0.237474 1.16629 0.030696
7.80215 -0.257021 1.06825 0.0157298
7.81294 -0.278096 1.03145 0.0239764
7.82374 -0.283441 1.05145 0.0507018
7.83453 -0.262825 1.01846 0.0789543
7.84533 -0.248469 1.00625 0.0966694
7.85613 -0.249386 1.02961 0.0972802
7.86692 -0.252898 1.06703 0.0629191
7.87772 -0.278096 1.18554 0.0650571
7.88851 -0.274584 1.30191 0.0992655
7.89931 -0.219911 1.25991 0.089339
7.9101 -0.163406 1.20096 0.0788016
7.9209 -0.129198 1.1753 0.0923933
7.93169 -0.0981965 1.1695 0.0960585
7.94249 -0.0830776 1.1892 0.0849102
7.95329 -0.0920879 1.29778 0.103389
7.96408 -0.0557414 1.28236 0.0942259
7.97488 -0.0106901 1.17194 0.0868955
7.98567 0.019395 1.10368 0.0832303
7.99647 0.0174096 1.1243 0.0784961
8.00726 -0.00824667 1.2454 0.101251
8.01806 -0.000152716 1.37964 0.0991128
8.02886 -0.00167988 1.52762 0.11469
8.03965 0.048411 1.60489 0.114995
8.05045 0.104916 1.42667 0.102778
8.06124 0.0896444 1.24769 0.0870482
8.07204 0.0364992 1.18783 0.0821613
8.08283 0.0491746 1.12323 0.0846048
8.09363 0.0981965 1.09498 0.0836885
8.10443 0.208763 1.15484 0.0826195
8.11522 0.260228 1.13254 0.0760527
8.12602 0.247248 1.04656 0.0653625
8.13681 0.228769 1.03389 0.0641408
8.14761 0.229227 0.992044 0.0616973
8.1584 0.260076 0.953713 0.0557414
8.1692 0.301309 1.0009 0.0563523
8.18 0.326507 1.0626 0.0581849
8.19079 0.355981 1.18783 0.0636827
8.20159 0.415235 1.38208 0.0662788
8.21238 0.460897 1.62536 0.0679587
8.22318 0.465021 1.65499 0.0589484
8.23397 0.411723 1.52151 0.0438295
8.24477 0.316733 1.27717 0.0271835
8.25556 0.205098 1.11574 0.0149662
8.26636 0.108276 1.0768 0.0132863
8.27716 0.0574213 1.04611 0.0197004
8.28795 0.02474 1.07146 0.019395
8.29875 -0.0172569 1.06535 0.0198531
8.30954 -0.0615446 0.987463 0.0140499
8.32034 -0.112094 0.873078 0.0117591
8.33113 -0.159741 0.769384 0.0108428
8.34193 -0.201738 0.763581 0.0178678
8.35273 -0.221897 0.769995 0.0181732
8.36352 -0.23671 0.746935 0.0184787
8.37432 -0.265268 0.832914 0.0221438
8.38511 -0.2952 0.944397 0.0311541
8.39591 -0.279776 1.04091 0.0355829
8.4067 -0.243888 1.0235 0.0348193
8.4175 -0.233045 0.910647 0.0335976
8.4283 -0.243124 0.935845 0.0372628
8.43909 -0.237474 0.938746 0.0410807
8.44989 -0.209679 0.751669 0.032834
8.46068 -0.162643 0.699746 0.0323758
8.47148 -0.123853 0.7506 0.038179
8.48227 -0.0818559 0.844673 0.0459676
8.49307 0.00198531 0.91309 0.0503963
8.50387 0.0691804 0.982729 0.0551305
8.51466 0.102167 0.980133 0.0507018
8.52546 0.107512 0.984714 0.0450513
8.53625 0.0943786 1.01404 0.0487165
8.54705 0.0835358 1.04947 0.0496328
8.55784 0.0786488 1.02381 0.0450513
8.56864 0.083383 0.920879 0.0380263
8.57944 0.0981965 0.848644 0.0369573
8.59023 0.120799 0.830318 0.0355829
8.60103 0.13607 0.864221 0.0352774
8.61182 0.136834 0.808327 0.0313068
8.62262 0.122937 0.708603 0.0284052
8.63341 0.109956 0.709825 0.0282525
8.64421 0.111025 0.712268 0.0251982
8.655 0.104611 0.689972 0.0222966
8.6658 0.0806342 0.710588 0.0238237
8.6766 0.0630718 0.72082 0.0230601
8.68739 0.0529925 0.709367 0.021533
8.69819 0.0591012 0.667981 0.019395
8.70898 0.0679587 0.632092 0.0178678
8.71978 0.0676533 0.624609 0.0181732
8.73057 0.0645989 0.634383 0.021533
8.74137 0.0621555 0.634994 0.0203113
8.75217 0.0633772 0.622624 0.0184787
8.76296 0.0572686 0.643088 0.0177151
8.77376 0.0427605 0.662941 0.0166461
8.78455 0.0303905 0.678823 0.0181732
8.79535 0.0329867 0.64263 0.0161879
8.80614 0.0259618 0.632092 0.0166461
8.81694 0.0109956 0.629954 0.014508
8.82774 -0.00809396 0.618653 0.0160352
8.83853 -0.033903 0.667522 0.0177151
8.84933 -0.0493273 0.718835 0.0230601
8.86012 -0.0558941 0.76801 0.0201585
8.87092 -0.0708603 0.851851 0.0242819
8.88171 -0.0639881 0.859334 0.0250455
8.89251 -0.0618501 0.878729 0.0242819
8.90331 -0.0587957 0.882852 0.0203113
8.9141 -0.0465784 0.836427 0.0245873
8.9249 -0.0302378 0.735023 0.0221438
8.93569 -0.0380263 0.729067 0.0174096
8.94649 -0.0529925 0.777478 0.0210748
8.95728 -0.0587957 0.829554 0.0300851
8.96808 -0.0591012 0.795651 0.0250455
8.97888 -0.093615 0.812908 0.0264199
8.98967 -0.148593 0.825889 0.0230601
9.00047 -0.204792 0.867428 0.0251982
9.01126 -0.235947 0.908661 0.0299324
9.02206 -0.23335 0.941037 0.034972
9.03285 -0.218231 1.00472 0.0410807
9.04365 -0.194255 1.02824 0.0423024
9.05445 -0.156534 0.926376 0.0392481
9.06524 -0.145844 0.841008 0.0361937
9.07604 -0.169973 0.87262 0.0445931
9.08683 -0.162948 0.883005 0.0429133
9.09763 -0.138514 0.884074 0.0426078
9.10842 -0.10965 0.862236 0.0429133
9.11922 -0.079107 0.838412 0.0458149
9.13002 -0.0545197 0.845742 0.0470366
9.14081 -0.0387899 0.850629 0.0507018
9.15161 -0.0276416 0.832303 0.0459676
9.1624 -0.00366519 0.806647 0.0435241
9.1732 0.0285579 0.8068 0.0479529
9.18399 0.0733038 0.775035 0.043066
9.19479 0.126907 0.74495 0.044135
9.20559 0.277333 0.706618 0.0364992
9.21638 0.416915 0.676533 0.0316123
9.22718 0.467006 0.673478 0.0313068
9.23797 0.482583 0.723722 0.0299324
9.24877 0.462119 0.746477 0.0255036
9.25956 0.394466 0.702953 0.0197004
9.27036 0.301004 0.633161 0.0137445
9.28116 0.211665 0.574671 0.0111483
9.29195 0.140499 0.515264 0.0100793
9.30275 0.0817032 0.48014 0.00962112
9.31354 0.0584903 0.54367 0.0111483
9.32434 0.0345139 0.62018 0.0116064
9.33513 0.0288634 0.640644 0.0125227
9.34593 0.041997 0.593455 0.0111483
9.35673 0.0357356 0.608421 0.0125227
9.36752 0.0305432 0.624304 0.0140499
9.37832 0.0468839 0.591317 0.0125227
9.38911 0.0613919 0.564134 0.00839939
9.39991 0.0432187 0.526871 0.00595593
9.4107 0.0222966 0.503811 0.00595593
9.4215 0.0195477 0.367741 0.0056505
9.43229 0.0479529 0.260992 0.00885754
9.44309 0.0569631 0.235336 0.00763581
9.45389 0.046273 0.182343 0.00717766
9.46468 0.0181732 0.168141 0.00274889
9.47548 0.00610865 0.247858 0.00549778
9.48627 0.00488692 0.309861 0.00809396
9.49707 0.0154243 0.377362 0.0103847
9.50786 0.026878 0.494037 0.0142026
9.51866 0.0487165 0.708909 0.0154243
9.52946 0.0528398 0.817795 0.0189368
9.54025 0.0670424 0.894611 0.0164933
9.55105 0.0846048 0.987005 0.0169515
9.56184 0.0752891 0.972344 -0.00503963
9.57264 -0.0146608 0.891404 -0.00671951
9.58343 -0.0578794 0.793666 0.00549778
9.59423 -0.0623082 0.679129 0.00320704
9.60503 -0.0795651 0.51557 0.0038179
9.61582 -0.0974329 0.247248 0.000763581
9.62662 -0.104 -0.00412334 -0.0116064
9.63741 -0.0745255 -0.00137445 -0.00167988
9.64821 -0.0368046 0.000763581 -0.00503963
9.659 -0.0106901 0.00106901 -0.00213803
9.6698 -0.0151189 0.000763581 0.000152716
9.6806 -0.0490219 -0.000152716 0.000152716
9.69139 -0.0855211 -0.000458149 0.000152716
9.70219 -0.104611 -0.00167988 0.000305432
9.71298 -0.111636 -0.00335976 0.00351247
9.72378 -0.115606 -0.00122173 0.00305432
9.73457 -0.120188 0 0.00137445
9.74537 -0.114995 0.00198531 -0.00137445
9.75617 -0.105985 0.000763581 -0.00229074
9.76696 -0.0884227 0.00198531 -0.00167988
9.77776 -0.0649044 0.000458149 0.00106901
9.78855 -0.0400116 0.00320704 0.000610865
9.79935 -0.0167988 0.000763581 0.000152716
9.81014 -0.000916297 0.00274889 -0.000916297
9.82094 0.0125227 0.00106901 -0.00335976
9.83174 0.0174096 0.00351247 -0.00290161
9.84253 0.0195477 0.0149662 -0.000916297
9.85333 0.0117591 0.0444404 0.00152716
9.86412 0.0169515 0.00122173 -0.00213803
9.87492 0.0207694 0.000305432 0.00137445
9.88571 0.0203113 0.00122173 -0.000458149
9.89651 0.0183259 0.000305432 -0.000152716
9.90731 0.0259618 -0.000763581 -0.00213803
9.9181 0.0394008 0.000305432 -0.000458149
9.9289 0.0467312 -0.00137445 -0.000458149
9.93969 0.0438295 -0.000458149 -0.000152716
9.95049 0.0313068 -0.00122173 0.000763581
9.96128 0.0151189 -0.000916297 0.000610865
9.97208 0.000763581 0.000458149 0.000610865
9.98288 -0.00488692 0.000763581 0.00137445
9.99367 -0.00534507 -0.00137445 -0.000610865
10.0045 0.000305432 -0.00259618 -0.00106901
10.0153 0.00397062 -0.00320704 -0.000152716
10.0261 -0.00458149 -0.00442877 -0.000458149
10.0369 -0.0261145 -0.00488692 0.00137445
10.0477 -0.0514654 -0.00213803 0.00106901
10.0584 -0.067806 -0.000763581 0.00198531
10.0692 -0.0729983 -0.000458149 0.00351247
10.08 -0.0751364 0.000763581 0.000610865
10.0908 -0.0916297 0.00152716 -0.000916297
10.1016 -0.0991128 -0.00290161 0.000305432
10.1124 -0.0713185 -0.00366519 0.000763581
10.1232 -0.0351247 -0.00290161 0.00229074
10.134 -0.0128282 -0.00137445 0.000763581
10.1448 0.00305432 -0.000763581 0.000152716
10.1556 0.0210748 -0.000916297 -0.00213803
10.1664 0.0415388 -0.00213803 -0.00290161
10.1772 0.0496328 0 -0.00183259
10.188 0.0418442 -0.00122173 0.000763581
10.1988 0.0308487 -0.000763581 -0.00106901
10.2096 0.02474 -0.000763581 -0.000610865
10.2204 0.0195477 -0.000152716 0.000305432
10.2312 0.0219911 -0.000152716 0.000763581
10.242 0.031765 -0.000152716 0.00152716
10.2528 0.0421497 -0.000916297 0.00183259
10.2636 0.0519235 0 -0.000152716
10.2744 0.0616973 0.00488692 0.000763581
10.2852 0.0488692 -0.00259618 0.000152716
10.296 0.0650571 -0.00213803 0.00183259
10.3067 0.083383 0.00351247 0.00183259
10.3175 0.102167 0.00198531 -0.00229074
10.3283 0.0934623 0.00274889 0.00106901
10.3391 0.0513126 0.00351247 -0.00290161
10.3499 -0.0109956 0.000458149 -0.000610865
10.3607 -0.0722348 -0.000763581 -0.000610865
10.3715 -0.113621 0 -0.00290161
10.3823 -0.145386 -0.00213803 0.000152716
10.3931 -0.183718 -0.00213803 -0.000152716
10.4039 -0.22602 -0.000916297 0.000610865
10.4147 -0.254731 -0.00167988 0.00106901
10.4255 -0.264504 -0.00122173 0.000152716
10.4363 -0.259159 -0.00137445 -0.00106901
10.4471 -0.244804 -0.000763581 -0.000916297
10.4579 -0.206625 -0.00259618 0.000610865
10.4687 -0.127518 -0.00167988 0.00595593
10.4795 -0.0542143 -0.00320704 -0.00167988
10.4903 -0.0244346 -0.00137445 -0.00458149
10.5011 -0.0693332 0 -0.00412334
10.5119 -0.127671 -0.00122173 -0.0126754
10.5227 -0.180205 0.00641408 -0.00992655
10.5335 -0.242361 0.0862847 -0.01237
10.5443 -0.306807 0.180816 -0.020464
10.555 -0.343001 0.183718 -0.0273362
10.5658 -0.327882 0.0609338 -0.00794124
10.5766 -0.286496 -0.0945313 0.0384845
10.5874 -0.248164 -0.149967 0.0726929
10.5982 -0.220064 0.000458149 -0.0152716
10.609 -0.146302 0.00122173 0.019395
10.6198 -0.0749836 -0.000458149 -0.000458149
10.6306 -0.0387899 0.000763581 -0.000610865
10.6414 -0.0368046 -0.000916297 -0.00335976
10.6522 -0.031765 -0.00290161 -0.00534507
10.663 -0.0111483 0.000305432 0.000152716
10.6738 0.0108428 0.000458149 -0.00167988
10.6846 0.0250455 0.00106901 0.000305432
10.6954 0.0300851 -0.000458149 -0.00137445
10.7062 0.026878 0.000305432 0.000610865
10.717 0.0171042 0.00106901 0.00106901
10.7278 0.00229074 0.00106901 0.00259618
10.7386 -0.0224493 -0.000152716 0.000610865
10.7494 -0.0485637 0.00122173 0.000610865
10.7602 -0.0798706 0 0.000610865
10.771 -0.110108 0 -0.000152716
10.7818 -0.13042 -0.000458149 0.000305432
10.7926 -0.13775 -0.00198531 0.000305432
10.8034 -0.1321 -0.00167988 0.000305432
10.8141 -0.118966 -0.00198531 0.000305432
10.8249 -0.10232 -0.00167988 -0.000610865
10.8357 -0.0933096 -0.000916297 -0.00137445
10.8465 -0.0859792 -0.00137445 -0.000610865
10.8573 -0.0717766 0.000305432 0.000305432
10.8681 -0.0505491 0.000305432 -0.000916297
10.8789 -0.0175624 0 0.000152716
10.8897 0.0195477 0.000458149 0.00106901
10.9005 0.0516181 0.00106901 0.00152716
10.9113 0.0670424 0.00106901 0.00198531
10.9221 0.0653625 0.000458149 0.000763581
10.9329 0.0537561 0.000458149 0.00137445
10.9437 0.0352774 0.000763581 0.00183259
10.9545 0.0140499 0.000305432 0.000305432
10.9653 -0.00366519 0.000458149 0.000152716
10.9761 -0.0201585 0.00106901 -0.000916297
10.9869 -0.0395535 0.000305432 0.000305432
10.9977 -0.0615446 -0.000458149 0.000763581
11.0085 -0.0876591 -0.000458149 0.000610865
11.0193 -0.11301 -0.000916297 0.00152716
11.0301 -0.125533 -0.000763581 0.00137445
11.0409 -0.0962112 0.00106901 -0.00412334
11.0517 -0.0513126 -0.00442877 -0.00137445
11.0624 -0.0433714 -0.000152716 -0.00351247
11.0732 -0.0277943 0.00122173 -0.00137445
11.084 -0.00610865 0.00274889 -0.000610865
11.0948 0.0157298 0.00412334 0.000763581
11.1056 0.0403171 0.00198531 0.000305432
11.1164 0.0548251 -0.00167988 0.00229074
11.1272 0.0540615 0.00198531 0.00595593
11.138 0.0507018 -0.00534507 -0.0047342
11.1488 0.0348193 -0.000152716 -0.00290161
11.1596 0.0340557 -0.000152716 -0.00503963
11.1704 0.0568104 -0.00213803 -0.00305432
11.1812 0.0728456 -0.00213803 -0.00412334
11.192 0.0626136 0.00106901 -0.00458149
11.2028 0.0569631 -0.000916297 -0.00167988
11.2136 0.0421497 -0.000763581 -0.000916297
11.2244 0.0181732 -0.00213803 0.00152716
11.2352 -0.0213803 0.000763581 0.00671951
11.246 -0.0448986 0.00167988 0.00717766
11.2568 -0.0355829 0.000305432 0.00397062
11.2676 -0.010232 -0.00137445 -0.000916297
11.2784 0.0149662 -0.00137445 -0.00290161
11.2892 0.0276416 -0.00167988 -0.0038179
11.3 0.0271835 -0.000152716 -0.00137445
11.3108 0.0206167 0.00229074 0.000763581
11.3215 0.0154243 0.00152716 0.00427605
11.3323 0.013439 0.00122173 0.00320704
11.3431 0.0213803 0.000458149 0.000152716
11.3539 0.0311541 -0.000152716 0.000610865
11.3647 0.0413861 -0.00290161 0.000763581
11.3755 0.038179 0.000458149 0.00274889
11.3863 0.036041 0.00152716 0.00198531
11.3971 0.0409279 0.000763581 0.000152716
11.4079 0.0447458 -0.000152716 -0.00213803
11.4187 0.0447458 0.00122173 -0.00229074
11.4295 0.0447458 0.000458149 -0.00412334
11.4403 0.0439823 -0.000152716 -0.0047342
11.4511 0.0398589 -0.00122173 -0.00305432
11.4619 0.0394008 -0.00167988 -0.00167988
11.4727 0.0415388 -0.00137445 0.000152716
11.4835 0.0369573 -0.000458149 0.00427605
11.4943 0.0293215 0.00244346 0.00687223
11.5051 0.0280998 0.00290161 0.0047342
11.5159 0.0308487 0.00122173 0.00229074
11.5267 0.0259618 0.000763581 -0.000152716
11.5375 0.0140499 0.000458149 -0.00106901
11.5483 0.00320704 0.00106901 -0.00213803
11.5591 -0.00213803 -0.000916297 -0.00229074
11.5698 -0.00488692 -0.000152716 -0.00106901
11.5806 -0.00916297 -0.00122173 -0.000610865
11.5914 -0.00916297 0.000305432 -0.000152716
11.6022 -0.00992655 0.00152716 0.00152716
11.613 -0.00503963 0 0.000305432
11.6238 -0.000458149 0.00152716 0.00152716
11.6346 -0.0038179 -0.00137445 -0.00305432
11.6454 -0.0119119 0.00122173 0.000152716
11.667 -0.00901026 0.000458149 0.00106901
11.6778 0.00442877 -0.000152716 0.00106901
11.6886 0.0186314 -0.000458149 0.000152716
11.6994 0.0271835 -0.000458149 -0.00183259
11.7102 0.0386372 -0.000458149 -0.00305432
11.721 0.0487165 -0.000763581 -0.00335976
11.7318 0.0552833 -0.000763581 -0.00167988
11.7426 0.0548251 0.000458149 0.000152716
11.7534 0.0545197 0.00122173 0.00183259
11.7642 0.0523817 0 0.00229074
11.775 0.046273 0.00274889 0.00137445
11.7858 0.0320704 0.00412334 0.00198531
11.7966 0.0274889 0.00229074 0.000610865
11.8074 0.0232129 0.000763581 -0.00183259
11.8182 0.0178678 0.00106901 -0.00183259
11.8289 0.00855211 0.000763581 0.000305432
11.8397 0.00152716 -0.000916297 0.000763581
11.8505 -0.00824667 -0.00198531 0.000763581
11.8613 -0.0200058 -0.00412334 0.00137445
11.8721 -0.0363465 -0.00244346 0.00106901
11.8829 -0.0453567 0.000763581 0.00106901
11.8937 -0.0436768 -0.000763581 -0.000916297
11.9045 -0.0400116 -0.00213803 -0.00167988
